space	start	end	score
chr1	1	245	0.0
chr1	256	320	0.0
chr1	342	468	0.0
chr1	631	650	0.0
chr1	702	730	0.0
chr1	814	843	0.0
chr1	890	907	0.0
chr1	1021	1225	0.0
chr1	1345	1382	0.0
chr1	1507	1559	0.0
chr1	1586	1707	0.0
chr1	1755	1841	0.0
chr1	1888	2054	0.0
chr1	2101	2346	0.0
chr1	2393	2613	0.0
chr1	2775	2787	0.0
chr1	2835	2919	0.0
chr1	3005	3141	0.0
chr1	3215	3348	0.0
chr1	3395	3442	0.0
chr1	3479	3752	0.0
chr1	3799	3820	0.0
chr1	3867	4443	0.0
chr1	4497	4637	0.0
chr1	4666	4772	0.0
chr1	4834	4934	0.0
chr1	5161	5386	0.0
chr1	5430	5534	0.0
chr1	5581	5610	0.0
chr1	5664	5746	0.0
chr1	5809	5908	0.0
chr1	6012	6024	0.0
chr1	6071	6083	0.0
chr1	6185	6220	0.0
chr1	6267	6294	0.0
chr1	6341	6457	0.0
chr1	6504	6649	0.0
chr1	6696	7205	0.0
chr1	7252	7292	0.0
chr1	7380	8690	0.0
chr1	8736	9617	0.0
chr1	9662	9968	0.0
chr1	10015	10061	0.0
chr1	10114	11549	0.0
chr1	11581	16859	0.0
chr1	16864	18429	0.0
chr1	18473	19157	0.0
chr1	19206	19282	0.0
chr1	19330	20763	0.0
chr1	20810	23251	0.0
chr2	868	1149	0.0
chr2	1159	1275	0.0
chr2	2746	2756	0.0
chr2	2863	2941	0.0
chr2	3024	3190	0.0
chr2	3280	3294	0.0
chr2	3949	3999	0.0
chr2	4038	4088	0.0
chr2	4117	4153	0.0
chr2	4589	4625	0.0
chr2	5323	5347	0.0
chr2	5960	5981	0.0
chr2	6016	6042	0.0
chr2	8079	8099	0.0
chr2	10561	10579	0.0
chr2	11027	11046	0.0
chr2	12354	12385	0.0
chr2	12445	12473	0.0
chr2	12515	12550	0.0
chr2	12616	12665	0.0
chr2	12764	12790	0.0
chr2	12956	12990	0.0
chr2	13184	13219	0.0
chr2	13345	13360	0.0
chr2	14608	14618	0.0
chr2	17991	18029	0.0
chr2	25077	25114	0.0
chr2	25128	25201	0.0
chr2	25220	25269	0.0
chr2	25296	25352	0.0
chr2	27203	27241	0.0
chr2	27301	27342	0.0
chr2	27389	27448	0.0
chr2	27930	27999	0.0
chr2	28015	28053	0.0
chr2	29283	29321	0.0
chr2	38224	38241	0.0
chr2	38643	38654	0.0
chr2	38698	38782	0.0
chr2	42081	42097	0.0
chr2	46596	46652	0.0
chr2	51142	51203	0.0
chr2	51232	51398	0.0
chr2	52105	52140	0.0
chr2	52197	52256	0.0
chr2	52289	52335	0.0
chr2	52403	52539	0.0
chr2	54517	54615	0.0
chr2	57141	57188	0.0
chr2	57256	57287	0.0
chr3	1	35079	0.0
chr3	35145	35163	0.0
chr3	35372	35394	0.0
chr3	35654	35733	0.0
chr3	36398	36425	0.0
chr3	36842	36880	0.0
chr3	37970	37980	0.0
chr3	38761	38781	0.0
chr3	38860	38897	0.0
chr3	39567	39638	0.0
chr3	39750	39812	0.0
chr3	41575	41602	0.0
chr3	41722	41757	0.0
chr3	43100	43125	0.0
chr3	43229	43268	0.0
chr3	43710	43755	0.0
chr3	44986	45013	0.0
chr3	45220	45261	0.0
chr3	45449	45512	0.0
chr3	45549	45595	0.0
chr3	46086	46115	0.0
chr3	47606	47649	0.0
chr3	47766	47791	0.0
chr3	47907	47929	0.0
chr3	48306	48359	0.0
chr3	49201	49243	0.0
chr3	49454	49463	0.0
chr3	50967	51000	0.0
chr3	51053	51089	0.0
chr3	51246	51282	0.0
chr3	51758	51775	0.0
chr3	51918	51944	0.0
chr3	52079	52112	0.0
chr3	52219	52231	0.0
chr3	52470	52533	0.0
chr3	52599	52615	0.0
chr3	52681	52691	0.0
chr3	52937	52970	0.0
chr3	53287	53303	0.0
chr3	53560	53581	0.0
chr3	53849	53886	0.0
chr3	53903	54028	0.0
chr3	54065	54130	0.0
chr3	54134	54151	0.0
chr3	54983	55029	0.0
chr3	55037	55084	0.0
chr3	55199	55214	0.0
chr3	55622	55643	0.0
chr3	55927	55963	0.0
chr3	56080	56116	0.0
chr4	1	35	0.0
chr4	60	162	0.0
chr4	895	986	0.0
chr4	3192	3216	0.0
chr4	3468	3488	0.0
chr4	3866	3876	0.0
chr4	3908	4068	0.0
chr4	4084	4116	0.0
chr4	4777	5038	0.0
chr4	5075	5133	0.0
chr4	5146	5235	0.0
chr4	5242	5338	0.0
chr4	5364	5526	0.0
chr4	5535	5905	0.0
chr4	5943	6102	0.0
chr4	6533	6582	0.0
chr4	6913	6937	0.0
chr4	7386	7421	0.0
chr4	7534	7555	0.0
chr4	7559	7597	0.0
chr4	8011	8029	0.0
chr4	8484	8538	0.0
chr4	9146	9162	0.0
chr4	9198	9248	0.0
chr4	10201	10244	0.0
chr4	10634	10649	0.0
chr4	10943	10977	0.0
chr4	11197	11244	0.0
chr4	11860	11870	0.0
chr4	11971	12082	0.0
chr4	12617	12633	0.0
chr4	14352	14362	0.0
chr4	14850	14866	0.0
chr4	15076	15088	0.0
chr4	15575	15596	0.0
chr4	15698	15732	0.0
chr4	16180	16232	0.0
chr4	16351	16366	0.0
chr4	16771	16802	0.0
chr4	17092	17124	0.0
chr4	18194	18241	0.0
chr4	18822	18843	0.0
chr4	19069	19105	0.0
chr4	19565	19575	0.0
chr4	19820	19855	0.0
chr4	20022	20340	0.0
chr4	20371	20459	0.0
chr4	20572	20843	0.0
chr4	20884	21026	0.0
chr4	21066	21105	0.0
chr5	1	63476	0.0
chr5	63478	64782	0.0
chr5	65484	65911	0.0
chr5	67163	67172	0.0
chr5	67264	67302	0.0
chr5	67874	67885	0.0
chr5	68222	68241	0.0
chr5	68322	68360	0.0
chr5	68695	68710	0.0
chr5	68811	68821	0.0
chr5	69615	69678	0.0
chr5	69709	69732	0.0
chr5	69938	70017	0.0
chr5	70192	70244	0.0
chr5	70404	70419	0.0
chr5	70485	70615	0.0
chr5	70681	70710	0.0
chr5	70899	70986	0.0
chr5	71183	71224	0.0
chr5	71385	71455	0.0
chr5	71528	71626	0.0
chr5	71767	71813	0.0
chr5	72190	72306	0.0
chr5	72352	72467	0.0
chr5	72621	72653	0.0
chr5	73219	73261	0.0
chr5	73432	73461	0.0
chr5	73753	73796	0.0
chr5	74339	74391	0.0
chr5	74674	74695	0.0
chr5	75369	75408	0.0
chr5	75558	75974	0.0
chr5	76025	76077	0.0
chr5	76136	76146	0.0
chr5	76220	76370	0.0
chr5	76381	76559	0.0
chr5	76572	76846	0.0
chr5	76863	77085	0.0
chr5	77139	77193	0.0
chr5	77354	77438	0.0
chr5	77864	77916	0.0
chr5	78270	78279	0.0
chr5	78736	78755	0.0
chr5	78955	78964	0.0
chr5	79987	80025	0.0
chr5	80158	80175	0.0
chr5	80331	80380	0.0
chr5	80431	80511	0.0
chr5	80722	80872	0.0
chr5	80914	80955	0.0
chr6	1	8825	0.0
chr6	8846	12927	0.0
chr6	12992	14040	0.0
chr6	14105	14508	0.0
chr6	14554	16146	0.0
chr6	16211	17211	0.0
chr6	17272	21779	0.0
chr6	21839	26610	0.0
chr6	26669	27789	0.0
chr6	27847	28433	0.0
chr6	28491	31781	0.0
chr6	31839	32414	0.0
chr6	32461	32649	0.0
chr6	32708	32892	0.0
chr6	32920	33692	0.0
chr6	33741	34847	0.0
chr6	34880	34904	0.0
chr6	34977	35142	0.0
chr6	35159	35253	0.0
chr6	35313	35733	0.0
chr6	35796	35805	0.0
chr6	35863	36011	0.0
chr6	36049	36960	0.0
chr6	37022	37081	0.0
chr6	37123	37155	0.0
chr6	37214	37244	0.0
chr6	37305	37785	0.0
chr6	37843	37980	0.0
chr6	37991	38325	0.0
chr6	38337	38792	0.0
chr6	38847	40577	0.0
chr6	40635	40804	0.0
chr6	40862	41024	0.0
chr6	41083	41677	0.0
chr6	41725	41937	0.0
chr6	41991	42075	0.0
chr6	42123	42680	0.0
chr6	42711	42987	0.0
chr6	43025	43047	0.0
chr6	43105	43823	0.0
chr6	43860	44181	0.0
chr6	44225	44647	0.0
chr6	44702	45086	0.0
chr6	45135	45366	0.0
chr6	45411	45727	0.0
chr6	45792	46045	0.0
chr6	46080	46109	0.0
chr6	46144	47106	0.0
chr6	47143	47389	0.0
chr6	47424	47483	0.0
chr7	1	36112	0.0
chr7	36137	36770	0.0
chr7	36811	37126	0.0
chr7	37174	37717	0.0
chr7	37766	39073	0.0
chr7	39120	39352	0.0
chr7	39368	41292	0.0
chr7	41345	41964	0.0
chr7	42012	44004	0.0
chr7	44037	45841	0.0
chr7	45862	47162	0.0
chr7	47211	48902	0.0
chr7	48953	49035	0.0
chr7	49084	51525	0.0
chr7	51563	52799	0.0
chr7	52847	52884	0.0
chr7	52936	54401	0.0
chr7	54452	54672	0.0
chr7	54729	55628	0.0
chr7	55658	56366	0.0
chr7	56409	56936	0.0
chr7	56985	57340	0.0
chr7	57391	57522	0.0
chr7	57569	58138	0.0
chr7	58216	58869	0.0
chr7	58920	58961	0.0
chr7	58984	61431	0.0
chr7	61490	61948	0.0
chr7	62026	62157	0.0
chr7	62204	62349	0.0
chr7	62380	62512	0.0
chr7	62565	62640	0.0
chr7	62664	62915	0.0
chr7	62965	63249	0.0
chr7	63308	63453	0.0
chr7	63506	65691	0.0
chr7	65697	65993	0.0
chr7	66039	66165	0.0
chr7	66238	66359	0.0
chr7	66411	66458	0.0
chr7	66499	66675	0.0
chr7	66708	67228	0.0
chr7	67275	67438	0.0
chr7	67491	67572	0.0
chr7	67620	67642	0.0
chr7	67691	67748	0.0
chr7	67801	67921	0.0
chr7	67975	68073	0.0
chr7	68121	68189	0.0
chr7	68239	68668	0.0
chr8	1	150	0.0
chr8	213	376	0.0
chr8	454	496	0.0
chr8	595	666	0.0
chr8	702	856	0.0
chr8	963	1096	0.0
chr8	1236	1282	0.0
chr8	1405	1680	0.0
chr8	1745	1782	0.0
chr8	1889	2159	0.0
chr8	2225	2317	0.0
chr8	2383	2429	0.0
chr8	2484	2504	0.0
chr8	2610	2716	0.0
chr8	2864	2889	0.0
chr8	3004	3014	0.0
chr8	3056	3108	0.0
chr8	3316	3336	0.0
chr8	3635	3669	0.0
chr8	3843	4024	0.0
chr8	4134	4150	0.0
chr8	4205	4246	0.0
chr8	4300	4323	0.0
chr8	4593	4621	0.0
chr8	4791	4824	0.0
chr8	4886	4912	0.0
chr8	4959	4984	0.0
chr8	5091	5101	0.0
chr8	5135	5146	0.0
chr8	5247	5294	0.0
chr8	5607	5621	0.0
chr8	5746	5759	0.0
chr8	6569	6657	0.0
chr8	6721	6732	0.0
chr8	6735	6753	0.0
chr8	6800	6830	0.0
chr8	6914	7093	0.0
chr8	7174	7228	0.0
chr8	7313	7350	0.0
chr8	7449	7504	0.0
chr8	7570	7714	0.0
chr8	7998	8008	0.0
chr8	8074	8197	0.0
chr8	8317	8330	0.0
chr8	8395	8694	0.0
chr8	8760	8847	0.0
chr8	8913	9064	0.0
chr8	9129	9410	0.0
chr8	9536	10456	0.0
chr8	10521	10762	0.0
chr9	996	1093	0.0
chr9	1283	1363	0.0
chr9	1624	1665	0.0
chr9	1765	1799	0.0
chr9	1864	1947	0.0
chr9	1983	2041	0.0
chr9	2107	2386	0.0
chr9	2451	2773	0.0
chr9	2838	2853	0.0
chr9	3013	3027	0.0
chr9	3076	3198	0.0
chr9	3262	3350	0.0
chr9	3471	3637	0.0
chr9	3808	3830	0.0
chr9	3894	3903	0.0
chr9	3967	3992	0.0
chr9	4049	4259	0.0
chr9	4354	4363	0.0
chr9	4427	4577	0.0
chr9	4722	4829	0.0
chr9	4921	5850	0.0
chr9	5914	6011	0.0
chr9	6067	7027	0.0
chr9	7147	7451	0.0
chr9	7515	7591	0.0
chr9	7637	8683	0.0
chr9	8743	10632	0.0
chr9	10756	11104	0.0
chr9	11168	11660	0.0
chr9	11724	11790	0.0
chr9	11853	12238	0.0
chr9	12326	13460	0.0
chr9	13524	13684	0.0
chr9	13748	13790	0.0
chr9	13854	14055	0.0
chr9	14119	15012	0.0
chr9	15076	15916	0.0
chr9	15980	17054	0.0
chr9	17081	17522	0.0
chr9	17586	18115	0.0
chr9	18179	18500	0.0
chr9	18564	18684	0.0
chr9	18731	18944	0.0
chr9	19008	19201	0.0
chr9	19258	19316	0.0
chr9	19380	19849	0.0
chr9	19913	20642	0.0
chr9	20678	20778	0.0
chr9	20849	20986	0.0
chr9	21050	21753	0.0
chr10	1	50482	0.0
chr10	50547	50782	0.0
chr10	50833	50936	0.0
chr10	51054	51302	0.0
chr10	51357	51620	0.0
chr10	51680	51825	0.0
chr10	51878	51997	0.0
chr10	52061	52786	0.0
chr10	52852	52976	0.0
chr10	53039	53537	0.0
chr10	53628	54741	0.0
chr10	54792	54999	0.0
chr10	55059	55123	0.0
chr10	55186	55852	0.0
chr10	55910	56236	0.0
chr10	56296	56662	0.0
chr10	56716	56906	0.0
chr10	56936	57146	0.0
chr10	57257	57398	0.0
chr10	57436	58027	0.0
chr10	58071	58207	0.0
chr10	58291	58504	0.0
chr10	58560	58746	0.0
chr10	58796	59130	0.0
chr10	59215	59675	0.0
chr10	59736	59935	0.0
chr10	59999	60100	0.0
chr10	60166	60748	0.0
chr10	60803	61052	0.0
chr10	61244	61483	0.0
chr10	61549	61613	0.0
chr10	61668	61703	0.0
chr10	61830	61850	0.0
chr10	61916	61986	0.0
chr10	62050	62151	0.0
chr10	62194	62237	0.0
chr10	62303	62488	0.0
chr10	62554	62731	0.0
chr10	62816	62866	0.0
chr10	62984	63326	0.0
chr10	63391	63511	0.0
chr10	63577	63654	0.0
chr10	63720	63816	0.0
chr10	63879	63922	0.0
chr10	64134	64364	0.0
chr10	64428	64518	0.0
chr10	64623	64642	0.0
chr10	64707	65036	0.0
chr10	65102	65511	0.0
chr10	65551	65731	0.0
chr11	1	51369	0.0
chr11	51408	56438	0.0
chr11	56494	56880	0.0
chr11	56938	60732	0.0
chr11	60764	60848	0.0
chr11	60893	62954	0.0
chr11	63023	66991	0.0
chr11	67037	76913	0.0
chr11	76962	77169	0.0
chr11	77229	77292	0.0
chr11	77350	80921	0.0
chr11	80974	81333	0.0
chr11	81391	91504	0.0
chr11	91546	91780	0.0
chr11	91820	92517	0.0
chr11	92578	93224	0.0
chr11	93279	93535	0.0
chr11	93552	93597	0.0
chr11	93629	94779	0.0
chr11	94826	96751	0.0
chr11	96798	97961	0.0
chr11	98012	98102	0.0
chr11	98152	99072	0.0
chr11	99120	100179	0.0
chr11	100230	100884	0.0
chr11	100933	100981	0.0
chr11	101030	102452	0.0
chr11	102456	102733	0.0
chr11	102772	105296	0.0
chr11	105339	105611	0.0
chr11	105649	105816	0.0
chr11	105865	106158	0.0
chr11	106211	106769	0.0
chr11	106820	107049	0.0
chr11	107118	107658	0.0
chr11	107710	109179	0.0
chr11	109227	109857	0.0
chr11	109914	111463	0.0
chr11	111517	111816	0.0
chr11	111839	111889	0.0
chr11	111923	112705	0.0
chr11	112757	112834	0.0
chr11	112878	113084	0.0
chr11	113132	113242	0.0
chr11	113327	113391	0.0
chr11	113447	113620	0.0
chr11	113670	113847	0.0
chr11	113901	115496	0.0
chr11	115532	115611	0.0
chr11	115665	116223	0.0
chr12	1	16083	0.0
chr12	16086	16306	0.0
chr12	16339	16450	0.0
chr12	16452	16551	0.0
chr12	16574	16655	0.0
chr12	16696	16918	0.0
chr12	16960	17060	0.0
chr12	17078	17147	0.0
chr12	17179	17204	0.0
chr12	17281	17355	0.0
chr12	17541	17628	0.0
chr12	17705	17729	0.0
chr12	17974	17983	0.0
chr12	18059	18272	0.0
chr12	18484	18516	0.0
chr12	18596	18660	0.0
chr12	18964	18982	0.0
chr12	19012	19061	0.0
chr12	19268	19319	0.0
chr12	19380	19395	0.0
chr12	19456	19470	0.0
chr12	19548	19571	0.0
chr12	19839	19854	0.0
chr12	20255	20289	0.0
chr12	20349	20483	0.0
chr12	20546	20564	0.0
chr12	20766	20813	0.0
chr12	20863	20894	0.0
chr12	20954	21001	0.0
chr12	21091	21125	0.0
chr12	21204	21253	0.0
chr12	21313	21399	0.0
chr12	21562	21573	0.0
chr12	21633	21699	0.0
chr12	21759	21777	0.0
chr12	21838	21898	0.0
chr12	22019	22058	0.0
chr12	22118	22162	0.0
chr12	22271	22298	0.0
chr12	22358	22445	0.0
chr12	22506	22571	0.0
chr12	22640	22995	0.0
chr12	23055	23439	0.0
chr12	23481	23665	0.0
chr12	23841	23861	0.0
chr12	24010	24206	0.0
chr12	24417	24516	0.0
chr12	24582	24659	0.0
chr12	24773	24815	0.0
chr12	25068	25399	0.0
chr13	1	100000	0.0
chr13	100001	200000	0.0
chr13	200001	300000	0.0
chr13	300001	400000	0.0
chr13	400001	500000	0.0
chr13	500001	600000	0.0
chr13	600001	700000	0.0
chr13	700001	800000	0.0
chr13	800001	900000	0.0
chr13	900001	1000000	0.0
chr13	1000001	1100000	0.0
chr13	1100001	1200000	0.0
chr13	1200001	1300000	0.0
chr13	1300001	1400000	0.0
chr13	1400001	1500000	0.0
chr13	1500001	1600000	0.0
chr13	1600001	1700000	0.0
chr13	1700001	1800000	0.0
chr13	1800001	1900000	0.0
chr13	1900001	2000000	0.0
chr13	2000001	2100000	0.0
chr13	2100001	2200000	0.0
chr13	2200001	2300000	0.0
chr13	2300001	2400000	0.0
chr13	2400001	2500000	0.0
chr13	2500001	2600000	0.0
chr13	2600001	2700000	0.0
chr13	2700001	2800000	0.0
chr13	2800001	2900000	0.0
chr13	2900001	3000000	0.0
chr13	3000001	3100000	0.0
chr13	3100001	3200000	0.0
chr13	3200001	3300000	0.0
chr13	3300001	3400000	0.0
chr13	3400001	3500000	0.0
chr13	3500001	3600000	0.0
chr13	3600001	3700000	0.0
chr13	3700001	3800000	0.0
chr13	3800001	3900000	0.0
chr13	3900001	4000000	0.0
chr13	4000001	4100000	0.0
chr13	4100001	4200000	0.0
chr13	4200001	4300000	0.0
chr13	4300001	4400000	0.0
chr13	4400001	4500000	0.0
chr13	4500001	4600000	0.0
chr13	4600001	4700000	0.0
chr13	4700001	4800000	0.0
chr13	4800001	4900000	0.0
chr13	4900001	5000000	0.0
chr14	1	100000	0.0
chr14	100001	200000	0.0
chr14	200001	300000	0.0
chr14	300001	400000	0.0
chr14	400001	500000	0.0
chr14	500001	600000	0.0
chr14	600001	700000	0.0
chr14	700001	800000	0.0
chr14	800001	900000	0.0
chr14	900001	1000000	0.0
chr14	1000001	1100000	0.0
chr14	1100001	1200000	0.0
chr14	1200001	1300000	0.0
chr14	1300001	1400000	0.0
chr14	1400001	1500000	0.0
chr14	1500001	1600000	0.0
chr14	1600001	1700000	0.0
chr14	1700001	1800000	0.0
chr14	1800001	1900000	0.0
chr14	1900001	2000000	0.0
chr14	2000001	2100000	0.0
chr14	2100001	2200000	0.0
chr14	2200001	2300000	0.0
chr14	2300001	2400000	0.0
chr14	2400001	2500000	0.0
chr14	2500001	2600000	0.0
chr14	2600001	2700000	0.0
chr14	2700001	2800000	0.0
chr14	2800001	2900000	0.0
chr14	2900001	3000000	0.0
chr14	3000001	3100000	0.0
chr14	3100001	3200000	0.0
chr14	3200001	3300000	0.0
chr14	3300001	3400000	0.0
chr14	3400001	3500000	0.0
chr14	3500001	3600000	0.0
chr14	3600001	3700000	0.0
chr14	3700001	3800000	0.0
chr14	3800001	3900000	0.0
chr14	3900001	4000000	0.0
chr14	4000001	4100000	0.0
chr14	4100001	4200000	0.0
chr14	4200001	4300000	0.0
chr14	4300001	4400000	0.0
chr14	4400001	4500000	0.0
chr14	4500001	4600000	0.0
chr14	4600001	4700000	0.0
chr14	4700001	4800000	0.0
chr14	4800001	4900000	0.0
chr14	4900001	5000000	0.0
chr15	1	100000	0.0
chr15	100001	200000	0.0
chr15	200001	300000	0.0
chr15	300001	400000	0.0
chr15	400001	500000	0.0
chr15	500001	600000	0.0
chr15	600001	700000	0.0
chr15	700001	800000	0.0
chr15	800001	900000	0.0
chr15	900001	1000000	0.0
chr15	1000001	1100000	0.0
chr15	1100001	1200000	0.0
chr15	1200001	1300000	0.0
chr15	1300001	1400000	0.0
chr15	1400001	1500000	0.0
chr15	1500001	1600000	0.0
chr15	1600001	1700000	0.0
chr15	1700001	1800000	0.0
chr15	1800001	1900000	0.0
chr15	1900001	2000000	0.0
chr15	2000001	2100000	0.0
chr15	2100001	2200000	0.0
chr15	2200001	2300000	0.0
chr15	2300001	2400000	0.0
chr15	2400001	2500000	0.0
chr15	2500001	2600000	0.0
chr15	2600001	2700000	0.0
chr15	2700001	2800000	0.0
chr15	2800001	2900000	0.0
chr15	2900001	3000000	0.0
chr15	3000001	3100000	0.0
chr15	3100001	3200000	0.0
chr15	3200001	3300000	0.0
chr15	3300001	3400000	0.0
chr15	3400001	3500000	0.0
chr15	3500001	3600000	0.0
chr15	3600001	3700000	0.0
chr15	3700001	3800000	0.0
chr15	3800001	3900000	0.0
chr15	3900001	4000000	0.0
chr15	4000001	4100000	0.0
chr15	4100001	4200000	0.0
chr15	4200001	4300000	0.0
chr15	4300001	4400000	0.0
chr15	4400001	4500000	0.0
chr15	4500001	4600000	0.0
chr15	4600001	4700000	0.0
chr15	4700001	4800000	0.0
chr15	4800001	4900000	0.0
chr15	4900001	5000000	0.0
chr16	631	670	0.0
chr16	846	1023	0.0
chr16	1170	1233	0.0
chr16	1411	1486	0.0
chr16	1621	1818	0.0
chr16	1883	1980	0.0
chr16	2045	2081	0.0
chr16	2145	2382	0.0
chr16	2644	2766	0.0
chr16	2831	2864	0.0
chr16	2928	2949	0.0
chr16	3054	3250	0.0
chr16	3315	3553	0.0
chr16	3617	3738	0.0
chr16	3802	4026	0.0
chr16	4090	4108	0.0
chr16	4173	4256	0.0
chr16	4297	4310	0.0
chr16	4434	4446	0.0
chr16	4511	5413	0.0
chr16	5486	5583	0.0
chr16	5648	6855	0.0
chr16	6936	7023	0.0
chr16	7079	7163	0.0
chr16	7310	7353	0.0
chr16	7750	7820	0.0
chr16	7976	8078	0.0
chr16	8140	8157	0.0
chr16	8217	8258	0.0
chr16	8318	8404	0.0
chr16	8468	8504	0.0
chr16	8591	8923	0.0
chr16	8986	9150	0.0
chr16	9210	9258	0.0
chr16	9318	9332	0.0
chr16	9393	9503	0.0
chr16	9905	9959	0.0
chr16	10020	10060	0.0
chr16	10132	10145	0.0
chr16	10230	10298	0.0
chr16	10323	10456	0.0
chr16	10658	10712	0.0
chr16	10754	10797	0.0
chr16	10817	10856	0.0
chr16	10888	10953	0.0
chr16	10997	11031	0.0
chr16	11039	11113	0.0
chr16	11157	11242	0.0
chr16	12521	12579	0.0
chr16	13427	13469	0.0
chr17	911	950	0.0
chr17	2425	2467	0.0
chr17	3216	3260	0.0
chr17	3263	3389	0.0
chr17	3429	3499	0.0
chr17	4078	4191	0.0
chr17	4566	4606	0.0
chr17	4631	4699	0.0
chr17	4727	4760	0.0
chr17	5015	5035	0.0
chr17	6608	6660	0.0
chr17	7287	7392	0.0
chr17	7447	7493	0.0
chr17	8573	8625	0.0
chr17	8635	8723	0.0
chr17	8727	8769	0.0
chr17	9012	9062	0.0
chr17	9129	9196	0.0
chr17	9282	9325	0.0
chr17	9774	9800	0.0
chr17	9834	9926	0.0
chr17	15016	15090	0.0
chr17	15223	15273	0.0
chr17	16444	16481	0.0
chr17	16511	18503	0.0
chr17	20577	21039	0.0
chr17	21106	21765	0.0
chr17	24688	24726	0.0
chr17	24753	24809	0.0
chr17	24900	24937	0.0
chr17	26080	26137	0.0
chr17	34989	35020	0.0
chr17	35672	35683	0.0
chr17	36006	36110	0.0
chr17	37545	37602	0.0
chr17	37632	37754	0.0
chr17	38427	38462	0.0
chr17	39577	39675	0.0
chr17	39678	39780	0.0
chr17	39882	39920	0.0
chr17	40284	40356	0.0
chr17	40401	40447	0.0
chr17	40652	40690	0.0
chr17	41353	41388	0.0
chr17	41483	41546	0.0
chr17	41665	41692	0.0
chr17	41732	41861	0.0
chr17	41919	42019	0.0
chr17	42105	42288	0.0
chr17	42357	42389	0.0
chr18	26	77	0.0
chr18	94	145	0.0
chr18	161	207	0.0
chr18	241	335	0.0
chr18	461	555	0.0
chr18	956	1081	0.0
chr18	1383	1422	0.0
chr18	4446	4896	0.0
chr18	4961	5196	0.0
chr18	5262	5366	0.0
chr18	5415	5715	0.0
chr18	5771	6029	0.0
chr18	6094	6239	0.0
chr18	6293	6412	0.0
chr18	6476	6875	0.0
chr18	6938	7210	0.0
chr18	7267	7391	0.0
chr18	7439	7952	0.0
chr18	8028	9161	0.0
chr18	9233	9538	0.0
chr18	9601	10389	0.0
chr18	10425	10649	0.0
chr18	10732	11054	0.0
chr18	11098	11293	0.0
chr18	11328	11547	0.0
chr18	11584	11782	0.0
chr18	11820	12079	0.0
chr18	12136	12417	0.0
chr18	12473	12605	0.0
chr18	12681	12847	0.0
chr18	12950	13136	0.0
chr18	13190	13498	0.0
chr18	13609	14351	0.0
chr18	14393	14494	0.0
chr18	14560	15131	0.0
chr18	15197	15458	0.0
chr18	15498	15520	0.0
chr18	15638	15877	0.0
chr18	15943	16007	0.0
chr18	16062	16097	0.0
chr18	16222	16242	0.0
chr18	16308	16378	0.0
chr18	16442	16543	0.0
chr18	16583	16635	0.0
chr18	16697	16882	0.0
chr18	16948	17125	0.0
chr18	17210	17260	0.0
chr18	17378	17720	0.0
chr18	17784	17905	0.0
chr18	17970	18048	0.0
chr19	1	11749	0.0
chr19	11809	12261	0.0
chr19	12322	13994	0.0
chr19	14058	14269	0.0
chr19	14333	15723	0.0
chr19	15787	17129	0.0
chr19	17193	21179	0.0
chr19	21228	21892	0.0
chr19	21957	22016	0.0
chr19	22081	23469	0.0
chr19	23505	23735	0.0
chr19	23799	23871	0.0
chr19	23935	25998	0.0
chr19	26051	31821	0.0
chr19	31859	32687	0.0
chr19	32734	32827	0.0
chr19	32864	33235	0.0
chr19	33282	34558	0.0
chr19	34624	39247	0.0
chr19	39313	39685	0.0
chr19	39751	39869	0.0
chr19	39935	40238	0.0
chr19	40404	40507	0.0
chr19	40573	40748	0.0
chr19	40814	41839	0.0
chr19	42159	43086	0.0
chr19	43124	44031	0.0
chr19	44114	44374	0.0
chr19	44438	44470	0.0
chr19	44589	44630	0.0
chr19	44743	44765	0.0
chr19	44880	45303	0.0
chr19	45369	45585	0.0
chr19	45651	45782	0.0
chr19	45848	46365	0.0
chr19	46459	46534	0.0
chr19	46600	46619	0.0
chr19	46685	46754	0.0
chr19	46820	46956	0.0
chr19	47037	47055	0.0
chr19	47121	47162	0.0
chr19	47228	47252	0.0
chr19	47378	47672	0.0
chr19	47771	47843	0.0
chr19	48001	48086	0.0
chr19	48157	48357	0.0
chr19	48457	48467	0.0
chr19	48583	48818	0.0
chr19	48884	49026	0.0
chr19	49092	49179	0.0
chr20	1	7999	0.0
chr20	9175	9186	0.0
chr20	9194	9204	0.0
chr20	9217	9303	0.0
chr20	9309	9403	0.0
chr20	9417	9439	0.0
chr20	9447	9503	0.0
chr20	10746	10794	0.0
chr20	12245	12304	0.0
chr20	12312	12350	0.0
chr20	12370	12426	0.0
chr20	12433	12511	0.0
chr20	13442	13470	0.0
chr20	14159	14177	0.0
chr20	14468	14508	0.0
chr20	21122	21180	0.0
chr20	21198	21210	0.0
chr20	21610	21667	0.0
chr20	21693	21850	0.0
chr20	22831	22859	0.0
chr20	24085	24123	0.0
chr20	24317	24353	0.0
chr20	25998	26059	0.0
chr20	26114	26192	0.0
chr20	26208	26244	0.0
chr20	26315	26335	0.0
chr20	26475	26489	0.0
chr20	26498	26533	0.0
chr20	26594	26897	0.0
chr20	26913	27031	0.0
chr20	27045	27111	0.0
chr20	27329	27389	0.0
chr20	27395	27445	0.0
chr20	27535	27636	0.0
chr20	27645	27690	0.0
chr20	27738	27781	0.0
chr20	27841	27875	0.0
chr20	27892	27927	0.0
chr20	27950	27993	0.0
chr20	27998	28069	0.0
chr20	28104	28137	0.0
chr20	29936	30053	0.0
chr20	30079	30223	0.0
chr20	31233	31305	0.0
chr20	36294	36307	0.0
chr20	37264	37285	0.0
chr20	37306	37344	0.0
chr20	37996	38016	0.0
chr20	41642	41719	0.0
chr20	41796	41828	0.0
chr21	1	100000	0.0
chr21	100001	200000	0.0
chr21	200001	300000	0.0
chr21	300001	400000	0.0
chr21	400001	500000	0.0
chr21	500001	600000	0.0
chr21	600001	700000	0.0
chr21	700001	800000	0.0
chr21	800001	900000	0.0
chr21	900001	1000000	0.0
chr21	1000001	1100000	0.0
chr21	1100001	1200000	0.0
chr21	1200001	1300000	0.0
chr21	1300001	1400000	0.0
chr21	1400001	1500000	0.0
chr21	1500001	1600000	0.0
chr21	1600001	1700000	0.0
chr21	1700001	1800000	0.0
chr21	1800001	1900000	0.0
chr21	1900001	2000000	0.0
chr21	2000001	2100000	0.0
chr21	2100001	2200000	0.0
chr21	2200001	2300000	0.0
chr21	2300001	2400000	0.0
chr21	2400001	2500000	0.0
chr21	2500001	2600000	0.0
chr21	2600001	2700000	0.0
chr21	2700001	2800000	0.0
chr21	2800001	2900000	0.0
chr21	2900001	3000000	0.0
chr21	3000001	3100000	0.0
chr21	3100001	3200000	0.0
chr21	3200001	3300000	0.0
chr21	3300001	3400000	0.0
chr21	3400001	3500000	0.0
chr21	3500001	3600000	0.0
chr21	3600001	3700000	0.0
chr21	3700001	3800000	0.0
chr21	3800001	3900000	0.0
chr21	3900001	4000000	0.0
chr21	4000001	4100000	0.0
chr21	4100001	4200000	0.0
chr21	4200001	4300000	0.0
chr21	4300001	4400000	0.0
chr21	4400001	4500000	0.0
chr21	4500001	4600000	0.0
chr21	4600001	4700000	0.0
chr21	4700001	4800000	0.0
chr21	4800001	4900000	0.0
chr21	4900001	5000000	0.0
chr22	1	100000	0.0
chr22	100001	200000	0.0
chr22	200001	300000	0.0
chr22	300001	400000	0.0
chr22	400001	500000	0.0
chr22	500001	600000	0.0
chr22	600001	700000	0.0
chr22	700001	800000	0.0
chr22	800001	900000	0.0
chr22	900001	1000000	0.0
chr22	1000001	1100000	0.0
chr22	1100001	1200000	0.0
chr22	1200001	1300000	0.0
chr22	1300001	1400000	0.0
chr22	1400001	1500000	0.0
chr22	1500001	1600000	0.0
chr22	1600001	1700000	0.0
chr22	1700001	1800000	0.0
chr22	1800001	1900000	0.0
chr22	1900001	2000000	0.0
chr22	2000001	2100000	0.0
chr22	2100001	2200000	0.0
chr22	2200001	2300000	0.0
chr22	2300001	2400000	0.0
chr22	2400001	2500000	0.0
chr22	2500001	2600000	0.0
chr22	2600001	2700000	0.0
chr22	2700001	2800000	0.0
chr22	2800001	2900000	0.0
chr22	2900001	3000000	0.0
chr22	3000001	3100000	0.0
chr22	3100001	3200000	0.0
chr22	3200001	3300000	0.0
chr22	3300001	3400000	0.0
chr22	3400001	3500000	0.0
chr22	3500001	3600000	0.0
chr22	3600001	3700000	0.0
chr22	3700001	3800000	0.0
chr22	3800001	3900000	0.0
chr22	3900001	4000000	0.0
chr22	4000001	4100000	0.0
chr22	4100001	4200000	0.0
chr22	4200001	4300000	0.0
chr22	4300001	4400000	0.0
chr22	4400001	4500000	0.0
chr22	4500001	4600000	0.0
chr22	4600001	4700000	0.0
chr22	4700001	4800000	0.0
chr22	4800001	4900000	0.0
chr22	4900001	5000000	0.0
chrX	1	100000	0.0
chrX	100001	200000	0.0
chrX	200001	300000	0.0
chrX	300001	400000	0.0
chrX	400001	500000	0.0
chrX	500001	600000	0.0
chrX	600001	700000	0.0
chrX	700001	800000	0.0
chrX	800001	900000	0.0
chrX	900001	1000000	0.0
chrX	1000001	1100000	0.0
chrX	1100001	1200000	0.0
chrX	1200001	1300000	0.0
chrX	1300001	1400000	0.0
chrX	1400001	1500000	0.0
chrX	1500001	1600000	0.0
chrX	1600001	1700000	0.0
chrX	1700001	1800000	0.0
chrX	1800001	1900000	0.0
chrX	1900001	2000000	0.0
chrX	2000001	2100000	0.0
chrX	2100001	2200000	0.0
chrX	2200001	2300000	0.0
chrX	2300001	2400000	0.0
chrX	2400001	2500000	0.0
chrX	2500001	2600000	0.0
chrX	2600001	2700000	0.0
chrX	2700001	2709524	0.0
chrX	2711754	2711891	0.0
chrX	2712398	2712478	0.0
chrX	2712583	2712627	0.0
chrX	2714366	2714436	0.0
chrX	2714485	2714599	0.0
chrX	2715195	2715217	0.0
chrX	2715278	2715351	0.0
chrX	2715739	2715817	0.0
chrX	2715871	2715936	0.0
chrX	2716025	2716065	0.0
chrX	2716638	2716761	0.0
chrX	2716767	2716876	0.0
chrX	2717233	2717269	0.0
chrX	2718259	2718331	0.0
chrX	2718357	2718393	0.0
chrX	2718571	2718607	0.0
chrX	2718712	2718780	0.0
chrX	2720102	2720158	0.0
chrX	2720212	2720257	0.0
chrX	2720268	2720330	0.0
chrX	2720449	2720473	0.0
chrX	2720586	2720621	0.0
chrY	1	100000	0.0
chrY	100001	200000	0.0
chrY	200001	300000	0.0
chrY	300001	400000	0.0
chrY	400001	500000	0.0
chrY	500001	600000	0.0
chrY	600001	700000	0.0
chrY	700001	800000	0.0
chrY	800001	900000	0.0
chrY	900001	1000000	0.0
chrY	1000001	1100000	0.0
chrY	1100001	1200000	0.0
chrY	1200001	1300000	0.0
chrY	1300001	1400000	0.0
chrY	1400001	1500000	0.0
chrY	1500001	1600000	0.0
chrY	1600001	1700000	0.0
chrY	1700001	1800000	0.0
chrY	1800001	1900000	0.0
chrY	1900001	2000000	0.0
chrY	2000001	2100000	0.0
chrY	2100001	2200000	0.0
chrY	2200001	2300000	0.0
chrY	2300001	2400000	0.0
chrY	2400001	2500000	0.0
chrY	2500001	2600000	0.0
chrY	2600001	2700000	0.0
chrY	2700001	2709489	0.0
chrY	2709518	2709615	0.0
chrY	2709639	2709656	0.0
chrY	2709738	2709818	0.0
chrY	2711071	2711132	0.0
chrY	2711159	2711227	0.0
chrY	2711280	2711318	0.0
chrY	2711882	2711901	0.0
chrY	2711903	2711968	0.0
chrY	2711992	2712095	0.0
chrY	2712108	2712179	0.0
chrY	2722316	2722358	0.0
chrY	2723830	2723841	0.0
chrY	2723848	2723886	0.0
chrY	2723890	2723925	0.0
chrY	2725114	2725159	0.0
chrY	2725683	2725737	0.0
chrY	2725769	2725830	0.0
chrY	2725863	2725899	0.0
chrY	2726507	2726547	0.0
chrY	2726571	2726644	0.0
chrY	2727242	2727304	0.0
chrY	2727347	2727415	0.0
chrM	1653	1677	0.0
chrM	3946	4015	0.0
chrM	4137	4279	0.0
chrM	4351	4423	0.0
chrM	4489	4703	0.0
chrM	4769	4823	0.0
chrM	5074	5114	0.0
chrM	5180	5287	0.0
chrM	5531	5788	0.0
chrM	5873	5990	0.0
chrM	6056	6195	0.0
chrM	6722	6902	0.0
chrM	6971	6996	0.0
chrM	7061	7114	0.0
chrM	7179	7199	0.0
chrM	7349	7488	0.0
chrM	7554	7617	0.0
chrM	7738	7777	0.0
chrM	7945	7988	0.0
chrM	8098	8107	0.0
chrM	8236	8373	0.0
chrM	8578	8622	0.0
chrM	8750	8910	0.0
chrM	8965	9027	0.0
chrM	9108	9135	0.0
chrM	9201	9221	0.0
chrM	9467	9494	0.0
chrM	9581	9596	0.0
chrM	9662	9723	0.0
chrM	14702	14712	0.0
